Corr: -2.026210448865528e-08
Contrast_corr: -2.0262104375214244e-08
Diff_Corr: 1.1344103482190236e-16
